110000000001010001000111001010100100111001100101
010010101101111001001111010111101100011011011010
110011101110100011001010011111010100001011111110
010001100110100101010010000001101100001111100110
010000001001010101001110001011011100111001110110
010001101011100101001011101100010100001110111100
110011110011010101001110001000011100111110010110
110011111110101001001110001101011100101111001001
010011111000100001001111001100011101001000001010
110011101000000111001010001011100100111101110000
110010110001010001001110110001100100000010010011
010010100100001001001110011010001100111101101110
110010111111100001001111000010111100101111000000
010011110000110011001110011101000100111100000010
010011100101100001000110011110110100101101111011
110011100001111011001111000101000100011011000100
010011100000001111001110110111011100011001101010
010001100101000101001110110101100100101101111110
010011111111010111000110100000100100111101011101
110001110010001011001111010110000100011010001100
010011101111111101001010010010101100111011001011
010011101111010001000110000000110100111101101011
010011100001111001001011011111011100111111100011
110011100100000011001011110111011100111101111000
110010111011110001010010000000110100111100000111
010001110011011001001111011100000100111000001101
110000011100110011001110010110001100111000101101
110011110111001111001110101100011100111101110011
010000111001101001001010100100100100101001010111
110001100100110011001111011010110100111001110101
010010100001000111000000000110110100111101001101
010001110111001111001110010001001100001110111010
110011110001010011001110001110011100101110010011
010011101101101001001011100100111100111001011101
110011101001001101001110000100001100111011011001
010001110001110011000110111011000100101110111111
110000110011000111000011000101111100111111010000
110011111010101001000111101110010100101101011101
010011101001001011001011101100110100111001110010
110011111000000001001110100011110100111001010001
110001110000010011001110010001101100011111111010
010011100111101011001110011001000100111000000110
110011110000100001001110100010100100111101001011
110011100101110001001111101110110100111011111011
010011101011110011001010100101001100101010000001
010000111000111011001111011111000100011010001001
010000101001100111001110101000000100111000111011
110010110101100111001011110100001100011010000000
110011110000010101001111011000101100111110010011
010010100111010101000110000101011100111100110111
110011100111111101000010010111101100111010101101
110000110110111101000111101110000100111111000100
110011101011011011001110000001000100111000001000
110011100001010111001110110100011100111001111011
110000000110001001000011010011001100111110001001
010011110000111101001011000111011100111001000011
110011111110101011000110111001001100011000101000
110011111110010101000001110100101100001110101001
010001100010100001001111100010100100111011110100
010000001111011001001110111001101100011110010000
010001101100010001001010110010111100101100000010
110011110100100101001110001010000100111101000100
110001100101111111001011010010110100011000111100
010000100010101111001110010110011100111000111110
110010101000110001001111010011110100101001010100
010011111010101011001111000010110100101011110101
110001111011111011000111110000100100111000111000
010000111000011011001110001001100100001100011010
110011111010011011000110011001101100111111010000
010000110001011001001010110000011100101101000011
010011111110000011001110001100001100111011010111
010010100001111101001110001001110100101101000100
010011100110010101001110110011010100101110010001
110000000111100001001110011101101100111001011100
010001111010010001000000010001110100001010110001
110011111000000001001111010100100100111011010101
010011100010101111000110010101100100111011111011
010000100000100101001110101000111100001011001100
010011111110000111001010010000001101001000000010
110010100110010001001011000000101100011110010100
010001111111000011001111101100100100111110110010
110000101010000001000110110100000100111100101101
010001110111001101000000001111101100001110111100
110010101000110001000010100001110100011100011001
010001101000001111001111101000001100011100110100
010011101010010001001111101110011100111111000110
110001100111100011001110010101011100111111011100
010011100101111011001010000101110100101011011110
110011110100000101000010010011010100111001101011
010001110011110111001110101000110100111001111001
010010111001110101001011001111110100111001101100
010011111110001101001011001101010100011100001001
110011100101101001001110100100011100001101000000
110010100010000111001111101010101100111011111011
010010110011100101001111101100110100101100101101
110010101110010111001111000011011100111100000111
010001110100011111001110110010010100101100000011
010000111001010101000111010100111100111010101110
110011101101000111000010100110111100000111010010
010010101000010001000110010101100100001000111001
110011101111100011001110110101111100111010101110
010000110011100001000011010000001100101111001101
010011101111101111001110110010000100101100001100
010000110100011011000110110001111100101010001011
010001110111101101001011111110001100101110011010
110011100111101101001011010010011100111101110011
010011101000110111000011100000011100111110001001
110010101000001001000001110101000100101100110100
010000100000100011001111100000111100101101001010
010011101000000101001111100101011100111001101111
110011110011111101001110011010110100111001010100
010011101100000111000000101010111100101011001100
110011110010100011001111100100000100111011111000
110011111010100101001110001100011100111100110001
110001110011101101001111010001000100111101111010
110011101001001111001110100001100100101000001101
110011110011101011001110111011000100001010101011
010011111000000001001010100001000100101111011111
110001110010010011010010000010011100111010100111
110001101101101011001010010000000100111101101111
010010110000101011000111110011110100011111001011
010011111111101011000001101000101100011001111100
010000001001101111001110101000110100101101100101
010000101111100011001110110111010100111010110001
010011100011000101000011100010011100101000100001
010011111000100101000010110111010100111011100111
010011111000101011001010011001100100111010100100
110011110110010011001111100100101100111110111100
110010111001101111001010111001101100101110000000
110000000000111001001111001010111100001011110001
110011101100110111000110100001100100001100101101
010000010011011101001110101001110100111110111110
010010111000100111000111111110010100111010101101
110000010111111011000110010001000100111001000001
010010111100101111001010011101100100101011001110
110011100111110101010010000001001100011001111000
010011101110101011001111001011011100111010001011
010011101101000111001110010100100100111000111110
110010100000010001001110000001000100111010111110
010011101000110111001111010001011101001000000110
010011101001010011001110011011000100111000010010
110010111010111101001111110110100100101000010000
010011101111110111001110100011111100111010100000
110011100100011111001011101010100101001000001010
010011100111011001000110110101001100101010111001
010011101010110101001011100000000100111011000111
010011100000100101001111010010010100000001001011
110010110001010001001111011000110100111110100110
010011101010101011001111000000010100111111101011
010010101111100111001111101101001100101110111001
010011111000111111000010100100000100111111010101
110001101011001111000011110101001100001111100000
110011100110000011001110111111111100111010111110
010011110101000011010010000010101100011101011001
010010110010111001001110011000010100111111101110
110010110010000011000011111101011100001100000111
110011110001110101000000000111010100101101111110
110010111100011111001111000100011100111001001010
010011111100011001001111100000100100111000000010
010011110000111111001010000110001100111100111110
110011100100001101001110001000110100111011100010
010011101111111111001111101111100100111101000011
010010110011110011000011011100100100000000001110
010011110001100011000110100010011100111010111111
110010101101010111001111010001001101001000000010
110010100110101101001111100101001100001101001111
010001100101011111001010100001110100111101010101
010011110101010111001111101011010100101000110100
010001111100001011001111100101010100111101110101
010000101010111001000111000000100100101110101110
110011111010100111001110001111001100111000100011
010100100000101111001111100011010100011001100111
010010100101010011001111111111010100111011101111
010011101010010011001111000000110100011000001010
110010110001001001001111101111111100001000011011
010010111010110101000111101111100100011010010000
010011100000111001001111000101110100011101111111
110011110010100011001110010001110100111101111101
010011100011010101001111100011111100011110111011
010010110000101001000010010010101100101101000010
010010101010100111000111010011010100011000001100
010011111010100111000111101000110100111001001011
010010110111100011001111100010101100101000110000
110011101100101011001111111011011100111100111010
010011110101101011000110001110011100000101010000
010011110001000011001111101100011100111100100101
010011101001010101001110110010110100111000001100
010010100010110111001110101001101100101000101000
110010111100010011001010111000010100101111100111
010010110100111001000001110011110100111001110001
010010111000101011001011001000111100000010101000
110011111000101101001110110111010100111001110111
010011100100101001001011000110010100111111010110
110011111111001011001110011001000100101101010101
110011100000101001001111100101010100111100110011
110011100110100011001010010010010100111110010100
010010100111100001001111100011000100011100011111
110011111010010111000001111000101100001111100001
110010100001101011000011110011100100111000000110
110000110011101001001010110001000100111000011100
010010110110000011001110011101101100101111100101
010011111110010111001111011010110100111101001000
010011111001000011001111110110000100111111011101
110001100001011101001011110111110100000110111111
110010111011100101000110001110101100011101111100
110011110100001111001110101100101100111100110011
010011110111001101001110000010100100001001111011
110010101110101101001011010110111100101001110000
110011110000110111000011110100000100101011110000
010001101001101001000110001010000100011011111000
010010100000101001001010110101110100111010111001
010011111101000111000011011100100100111001001001
010011111010101001001111100100100100101100101110
010011101100000011001010010011100101001000000010
110011100110111101000110001010011100111001110101
010010101110100101001011111010111100111111100010
110100100000001111001110000110101100111110101101
010010101010110011001110010101101100101011011010
110010100110000011001111110001111100111101001110
010011101101000011001111001001001100111011110100
010010101100110011001011111101111100111101101110
110011100011011001001110010101000100111010011111
010011110001110011000110100101100100111100111000
110010111001011111001110000100101100001000111100
110100100000001011001110100001010100101100000010
010011111000010111000111111101100100001101010111
010001101101001101000111100110110100111100111001
010000101011110101000110001111001100111001001101
110011101001011011001011101101111100101010111100
010010100101000001001111100100111100111110001110
010011110100001001001110100110011100111001101111
110001110010111001000111110010110100011111101010
010010110101010101001010001110110100101100011011
110001110110001011001110011110010100101011110101
010011111111111111001111101010110100111111100111
010001110100110101001010111010010100101001100010
110000110100001111001110111001111100111011000000
010000000110000001001110011110011100101001100001
110011110000111101001111101111000100111001111011
110011110011011001001110001110000100101100111011
110000110101011111000001110011000100101000011110
110001111011111011001111100010000100001100011110
110000111010111011000010110010001100111111110001
010011111001100111001011010011011100111010110010
110011111101111111000000001001011100001100111101
010010110111010001001110011110011100101101100100
110011101000110111000000010100010100101100111011
010010101001100001001111011111101100011100111101
110010111101011101001011100011001100101101101110
110011100110000001001010110000111100111111100101
010010110110110111001111001011101100011001111010
010000101101110011001011110111011100101010111001
010011101000010001001010010011000100101110011000
110001111001111001001110001000000100000001111011
110011110010011111001111111110001100111110110011
010001111010010101001011111010110100101101100101
010011110111001011001011100000001100111100000010
010000101010110111001111011110001100101011110010
010000110001011111000111000101100100111110111101
110010101000101011001010110011000100101000111011
010001101101001101000010001001001100111111110010
010010111010100011000110111011110100101111011110
110010100000100111001010010001011100111101011110
010011101001010011000000011110000100101001011111
110011111000010101001110111001011100111111000101
110000110001000011000010100000110100101100100100
010011100001110011000110010011100100001001110001
110011111011111111001111000110111100001101010101
010011101100011001001111011000001100101000111001
010011111001000011001111111110011100011110011101
110001110101101001000111001010011100111111101011
010011110000011011001110110010000100111111000110
010011110111010101000011011101000100111110110011
110011111010100011001111111010111100101010110111
110011111010001001001011100011001100101000110000
110011100010100111001111010000000100101111111100
110011100100101001001010110110000100111110111011
110010110000010011000111011101100100001101001001
010010100000100101000110010111110100111001111101
110001110011100111001111000111101100111010011011
110001101101101111001111111100010100011100111100
110000110001100111000010010111000100001010110010
110011100101010011000111100101100100101001111110
110010110101111001001010000011111100111000010101
010100100000010101000011111111011100111011100101
110010100110101001001110001001100100111000011110
010011110110010111000011011001010100111111100000
010010111110000101001111110000110100101011111110
110011101011001101001110000101000100101001001010
110011110011110101001111100000111100101111001100
110010111001111101001011000110101100111001001000
110011110110110101000000101000101100001010101001
010010100001100011001110111001011100011000101110
110011111000001011000111100100111100101010010001
110011100111110001001111111010010100101100101011
010001111110001001001110011011011100000100010101
010011111100000111000111101011011100111111110100
010010110100010111001010101111111100111010001111
010010100110000011001111101011100100101010110000
110010111100010111001011011000011100001111110110
010001100110111111000011101001110100111011010010
010011100000001011001110101011011100111010011110
110011110110011001001111100110001100111111110000
110011101111100011001011000100001100111101111101
010011110000101111000111110111000100111100110101
110011100100111001000110000010010100101101100011
010001101100110101000111111100110100011110110000
010011101101110001001110101000100100101010110011
010010101010000001000110101010111100101001000011
010001111101111011001110100011110100111001100011
010011101110101011001110111011000100111011011110
010001100001001001001011000111100100111110001010
110011100000011101001110110000000100101011011101
010011110010000101000000000010100100111100010000
010011110100000001001110111101100100111000110100
110000110101010111000011001010110100011010100110
110011101011111111001111101000111100111001010101
110000111010011011001111000000010100101111111111
110011110100100001001010110110100101001000001011
110011111110001001001110100101000100011001100010
110010111100000011000011001100000100111100001010
010011101010101001000111110101100101001000001001
110011111010100001001111101001111100111010000101
010011101111111001001111000110001100101101010000
010011101110111101001111101000011100101100111011
010010111111111111001111000111101100101011000000
110010101111001101000010101010111101001000001010
110010110011111101001011011001100100101000110101
110001111010111101001110101000001100111110011001
010010110101111111001111111100110100101011001100
110011100111100011001111101010011100011111011100
110011100010110111001110010100110100111000010111
110011111111100111001110111000000100001101100100
010010111101000101000011001101111100001111010010
010011110000011101000000010010010100111111101010
110011110001001101001110110001111100111010110111
110000100101010001001111100001110100111110100100
110001100111111001001110010110011100011011100000
110011110110101011001111100001000101001000000011
010011101110011101001111010101110100111111111101
110010101001001011000111010111010100111111100001
110010100000101111001111100011000100011101011110
110011110001010111001011000100010100111010010101
010011110000010001001011001011111101001000000001
110010101010111111001110100100011100111000000001
010010100011001001000010001000101100101110111000
010011101010010101001010001011101100111010001111
110000110101100101001110000010011100111011100010
110010110000110011001111111011111100101110111001
110011100010001011001111001111001100111100000101
110000110110001101010010000001111100111010100010
110011111011000001001111101111110100101111101110
110011110001101001001111000011001100101011111001
010011110101111011001011100011111100001010110011
110011101001000001001010101010111100101111111001
010011100100110101001110110110101100101101001010
010011111010010001001110011111001100111101001000
010011110101011001000010101010010101001000000011
010011100000101111001110010100101100111110000111
110100100000011001001011010011001100101101000100
110011111101000011001010010001101100111000100111
110011111100000101000011001000111100101001011101
110010100001110101001010111000011100111101011010
110010101010001101001111111011111100111111010010
110000110110001111000111101110011100011100100010
110011111010110001000011100011000100111011110010
010011100011111011000011100101011100111100101010
110010101001111111000110011011101100101010101110
010011100111001111001111110010101100111011101000
010000100101101001000000111101010101001000001010
010010101000000011000110001101100100011100010001
010010110001011111001110110001100100111011100110
110001100000010111001110111111101100011110111100
110001100011000001001011101111011100111010000001
010011101000001011001010010111011100111110000011
110001101001001101001111111100010100111001100100
010000100011111001001011010000111100111100000010
110011100111000111001110010011111100011101011111
010001101110111111001010100111111100111101101011
110011111000000101001011101000010100001100100000
010010100111011011000111100111101100101001011111
110011111001001001001111011100110100111001100101
010010111010011111001111010110011100111111110100
010000101110001001001110010111000100111001101101
110011100110000001001111001110101100111110011100
010011111111011011001011011011001100101011101111
010010101001100011001111001100110100001000000000
110010110100000101001011101001010100111001010100
110011100111101101001011000100100100111110110101
110011110101001101001111111000101100011100111010
110011100001101011001111011000010100111011010100
010010110011111111010010000000110100101000010010
110011101100100111001111111001001100101000111000
110001110101000111000110110010001100111011110101
010011100100011111010010000010100100111001110011
110011100010011001001111011010011100111001000001
110000000101100111001111010110011100011000100100
110010110010000001000010001000111100000100001111
110010110000011101000111110001010100111100001110
010010111001100111001111011000110100101010011110
110011100111001011001111100100110100011111011111
010001111101010111001110101011111100111100011101
010011100001100011001011011100001101001000000100
110000010111001111000011000010000100101010011001
010011110110100011001110000001101100111111000100
110000111011000001001011011011000101001000001010
010000011111101011000011111000011100101011001001
110000010101011011001111001100111100111100101101
110011101000001101000011011101100100111011011011
110010100101100011001010101101000100111000010110
010011111101111001001111100001111100111111011001
110010101000001111001011011110110100111001111010
110001101011011011000011001101011100111000001111
010000010000001101001110001100101100111101111001
010010101101110001000011110100010100111000111111
110011110010001001001111110000100100011101101011
110010111010101101001111100101001100111000110100
110010100000101101001110101000100100111111101000
110001100110000001001111100001000100111100001000
110011110100110101000011110111110100111111011100
110001110101001011000111001111011100111100011101
110011111110100011001110100110000100101101110110
110010110011101111001111001001000100111011010101
110011100000101001000010101111000100011011111100
110011101000101111010010000000010101001000000010
010000111010011001001011011001000100101101000010
010010100111100101000011011011111100111001110001
110010101011110011001111110001110100000110101101
110011101001101011000011011001000100111001110100
010000010101100111010010000000010100001001111010
010011110101110011001111101100111100111011101000
110011101000010001001010010001000100111010000101
110011110110111111001110101001001100111111101101
110000110101101011000111010111001100111101110110
010011111001101111001110010011100100000101011110
110010111100100001001011011111111100001011110001
010000011010010001001111000101001100101010101011
110011111011101101001010001110011100001100111110
110010100000010011000001101011100100111000110011
110010111011110101000001011001101100011010001011
010010101111010101000110100111010100111000000111
110010110001000101001110110111000100101100001010
010100100000101001001010111110101100011101110110
010011111010110011001011100011001100101001011010
110001101110001001001010101010110100000101101000
110010100111010111000001001111010100111101110111
010011101001000101001110110000100100101111100111
010011101101001111001111000010001100111001000011
010010110001111101000111001011100100001001110000
010010101011010001000010010010100100111000001010
010011110011100101001110101011111100101101110010
010011111000001001001010101101001100001111111001
010011100001100111001110011000000100111111000011
110001111000011101001111101110101100111001111000
010011101001010101001111010011000100111001011010
010011101100010101000110001010111100001001011111
110010110100010011000110111101111100000101001111
110011110010000011001010111111010100111001010111
110011110100001101001010000000001100101010111100
010010111001111101001011110111000100111000100000
010010111011011001000111100010110100111100101100
110010110110001011000111001000100100101111010001
110000010001000011000110101111001101001000001011
110011110111110001001110001111101100111011010010
110011100110111111001110110011111100111110001110
110010111001000001001111100100111100011000101110
010010101100101001001111101111101100101110100001
010000001111101001001110001111000100111101010100
010011110011011111001010001000011100101000001010
110011110001011001000010100001001100111111110101
110000000001010101001110110000010100101101011000
010000110010011101001010111101011100111101011101
110001110101111001001111001110000100111100001010
110010110100001101001110000011110100101001101110
110011111010000011001111010010000100101101110010
110011100101011001001111111011001100111000010100
010000101010101101001011100010100100101000111101
110011100101101111001111110101010100101101000000
110011101010001111001111001011111100101010111100
110000111100100101001010110110000100101011011011
110011111011000101001011101000000100111011111100
010010110000101001000110100011110100011000001001
110010110111010111001111001010101100111000001001
110000111101010011000111001110110100111111101110
110011111000111101001110001010011100101110001011
010000100101000111000011001100001100011011110111
110001111000001111001111011111011100111000111111
010011110101001011000011110001000100011010110001
110001101001110111001111100101010100101000010011
110000111010111111000011011110100101001000001100
110011110111010101001111010000111100111101101001
110000101100111101000111100101010100111011010111
010010110110101111001111001110010100101010111111
110011101011001101001110011101000100101000011000
110011100101011011001110010010001100101110100110
010011101010111101000111001001100100111000011011
110011101001101011001111110110010100101110110110
010011110100010111001011000000111100000001001010
010010101001111011001010101000110100111110101101
110011100000101101001111010101011100111100101010
010011101101101101001010001111100101001000001000
110010101111111001000111111100011100101110011110
110011100011000111000111101000101100101101100000
010000100101000111010010000000001100101100010000
110011100011101011001110000011100100111001000100
010010110011101111000010100000111100101001100011
010011101011101011001110101010011100111101110000
010011110010100101010010000001100100011011100111
010011111111011111001010000010111100011100001111
010001110010010111001011100011010100111101011001
110010100010110111000111100000010100011101011000
110011110100011011001110001110001100111101011110
010000100001100011001111010100111100011111111010
110000100100000101001111100001111100101111001000
010011101111101001001010100010010100111110001100
010011101010111101001010101110111100011011101010
110000111000100111001110001111011100111110000000
010011100000011011001111010111001100001101001011
010011101001100101001010100111001100101010100011
010010100101000111001010010110010100101101101000
010011100100000101001111100110101100001100010011
010010110011001001000111101000011100111111010111
110011110000111001001011100011110100111010000101
110011110110010111001011010100100100111011101010
110100100000010101001111111000000100101111000001
110010101110111111001110011100110100000011100001
010011100111011011000011101010001100101100101000
010000100010110111001010001001110100111001010010
110001111101011001001111011110100100111011100011
010000110111001011001111101011100100101011001001
110011110000110001000110010000011100111000101101
110001111101010101000011001100110100111100011010
110011110111011011001110010000001100101011101101
010011111111100111001111101011111100111010111010
010011100110100101001010101111011100111000010100
110000001011001001001110010000010100111110111101
110010100011111011001011000100111100111000111011
110011111011000001001010000101011100111110000111
110011111010010111001111100111100100011111110000
110010111010000011000001000011110100111011100111
010011101011110111000110100110001100011100011000
010100100000101111000110100111000100111111001101
010011111000001111001010001101110100111011000000
110100100000101011001110100100011100111011011011
010010100110010011010010000010100100111110000001
110010111111001111001110101001001100111010100000
010011111001100111001111100010110100111111001010
110000101010011001001111100000001100111100010011
110011100100110001001110101000101100011111101100
110011111111000011001110000010001100111101001011
010011111001101111000011110111110100001101101001
010011111111110011001111000011100100011001010010
110011101111000011001110000110101100101000101100
110010110010011011001111010000101100011001010001
110010101000001001001011001000101100111011100000
010100100000100111001111001010011100011111011011
110000111111000111001010101010000100111101011101
010011100111111101000010110110010100111101001110
110011101111001111001011000000100100111010101011
010011100000000111001010100011111100111101011100
010001101010011011001010111011101100001111000000
010011100111111101000110110110111100111000100010
010000101101011111000111011011101101001000000111
010000100110011001001111000111100100001110001001
010011110101010001001010110100000100111010100111
110010100110100001001110001100101100101010111110
010010110100100111000110110110001100011010000100
010000110001001011001010000101110100001001110000
110011110011110101001111111111010100111101101000
010011111110100011001011000010000100000011011001
010011101000000001001111111111111100111110101000
110000011100100101000010000001111100000011110111
110010101101111101000010100101100100011101100110
010010101101001101001010000111110100001100011001
110010100101010001001111000000101100111101011011
110010111100111111001011010100001100011101000001
110011101110001001000111000111011100101010000110
110010110001011111001011110100000100101001101001
010011100100011101001110001101111100111001010110
110010101100100111001011000101100100011110001111
010000100001100001001010101001011100011001000001
010010111010100111001111011110111100011111011110
110010111010010001001110101101101100111001111001
010010100010011111001111100010111100011100011101
010010101000011001001110011011101100101000111110
010010110001111111001011010111110100111110001101
010011110110001001001010111111001100111010000011
010001111101011011001110010010000100101101111110
010010100100010111000011100000001100111001111000
110000001101111001001011110001000100011101011011
110000110000010101001010111101010100111001011110
010000100001110001001011001110011100111100010010
010011101101001001001111101110001100111010111111
010010110010001101001011010011110100101110000011
110001100101110011001111101000101100101101110010
010001111011001111001110101111100100101110101101
110011101100110101001011010111011100111010111011
010011100100101011000110110101100100111010100000
110011101110110011001011010010011100101010001000
010011110101000101001111001010001100111101111000
110100100000011101001011000000001100000111100001
110000101111111101001010000111011100101000001111
010010110001111101001111101100111100111001010101
110010111101011011001110001001000100111000010011
110011101111010101001010001111010100111010111110
010000101010010001001011000110111101001000000111
110011111011101101001111101010001100011111010001
010010111100000011000110111010001100001101010011
110011110011110001000010110001101100111101110001
010011111001110001001111001100111100111001000010
010011111101011001001111110100110100011101000000
110001100000011111000000111011000100111010000010
110011111110001101001110011011001100111001111000
010010110111101011000110011101110100111101110000
110010101001011001001111100010011100000111111000
010000100010101101001110010101110100111110111011
010010111101010111001011100110111100111111010111
110001101100000011000110100001100100111110010000
010000111001101111001110011110110100101100001111
010011110000011011001110000011111100111111100001
010010110110100111001111001000000100101111101101
110011101011110101001110100001001100101001000010
110001110010010001001110100101011101001000001011
110001101011010111000011111001011100101010110110
010011100110100111001011101001010100111110001010
010011110011010101001010011011101100101110100010
010010111110001001000001011011101100101111011000
010011101000101001000111000110100100011111000010
010000101101001001000000100100100100111011101111
010011100000010001001010101101100100101001000101
010011110010001101000110111011010100101110001100
110010111000100101001010001111110100111111011011
010010100011101011000011111101110100101000001110
010010101101110101001010000011110100111001100011
010010100001010011000110010010110100111000111000
110001110111000001001011111100111100001100101001
010100100000100101001111000010010100111000010001
110011100100011011001110101110111100001010100101
010011100111100111001110001011101101001000001001
010011110000000011001111000100011100101111101011
110011100101011011001111100101001100011100101011
010011101011000001001110010001001100001011011111
010011101101110001000110011001100100111011100011
110010111100001011001011001000011100101111100101
110000110111010001001111111010100100011100010001
110011111000111111000110110010111100111001001000
110100100000010001000110001011100100001100000011
110011101011100011001010011001000100011010000111
110011110111010011001111100100001100111010001101
110000100001101001001110011111001100101101010011
110010111100001101001111011001111100111000001110
010001110101001001001111011110100100111111101110
010100100000101011001110011001011100111010010100
010001101101111101001111111000000100111001101000
010010100011110111000111011110110100101000001001
010011111010101011001010111110000100001001101000
110001100010010111001011010111011100111011001111
110011101111011011000010000001000100101110100111
110011111111000001001111111100000100101001010001
110011100011010011000111000001010100011100000000
010011111111110001001111101001000100111001110100
010010101001100101000010000011001100101110010101
110010100111001001000110110001000100101111111001
010011100011100001001011101000110100101101110010
110011100010101111001010100000100100001111000010
010010100010111001000111000001100100111000011001
010011110011001001001110101100110100111001100010
110001110011000101001011010001100100011100111001
110011111001001101001111011000011100011001001011
010011101000100001001111001001011100011000101100
010011101111101101001111110110101100111011010100
110011100011101011001011011101001100011101100000
010011100101001111001010000100001100111001111011
110011111000101011000111111010000100111110110001
110000010011101101001111001011011100101111111101
010011111011111011001110011100001100111101110010
010011101110010101001011011100001100111111011110
110010100001100001000110111110010100111101101001
010010111001110101001011001001010101001000001011
010000100110100101001111111010011100101000110101
110011100110001011000111010100100100011100101101
110011110001110111001111011111111100011111001011
110011101100011011001010001010010100000101010000
110011110101101111001010101111110100011000001111
010100100000000011000110011101001100111011111110
110011101001011101001010111001001100011101101100
110011111011010111001110101000110100011010100001
110011101111101101001111100000000100111101110011
010000101110001011001111000100010100111010001111
010011101000010011001011010101010100111101011001
110000100011010111001110010001101100111000010100
110011110100010001000001010110111100111001110001
010000111110100001001010100100000100111010001000
010011110001101101001111010000101100111101010110
110011100100001011001110001011110100111111001000
110010100011110001001011101111111100111110011111
010001101001111011001110000000101100111100000001
010011111001100001001011001101010100001100100000
010000010000000101001111110101111100111111101110
010011111000110001001010001010110100111011110010
110011100101010111001011010011111100111000001110
110011101000101001001111011001010100101111010000
010001100110110101001111101101000100101101001100
010011101010100001010010000010110100101111000001
010011110100100111001011010111101100111101011011
010001101011111011001111010000110100111100011001
010011100101101111001111110001111100101110011101
110011100100100001001010001101110100101000001011
110011110000111011001110000000100100101101111110
110011100100100111001111111010010100111001111111
110001101110001011000001110101010100101111000001
110011100010111011010010000001101100001101111010
010010101011000111001010000110001100000100001011
110011101001111111001011111011011100111001110111
010000100010111111001110100101001100101110110000
010010100101000001000111010100010100111001111101
110011110101100101001110011010000100111111101111
010011101010000011000111110001101100111011100110
010001110101100101001111111100010100001001000001
010011101011110101001110011010111100011110100110
010011101111111011001111101100101100111011000001
110010110000100001001110001110000100101110011000
110011101000100011000110100010110100101001100000
010011101110111101001110010011100100101000011011
010010110010100011000010001010110100111001011101
010000101011100001001110101001000100111001111000
110010100010110111001111110101001100111011100101
010010100001010011010010000010001100101110001001
110000111111000011001111000010011100111011111000
010011101111010111001110111001000100111011010110
110011100001011011001111111000101100101110101010
110001101100010101001110010101000100001010000011
010011110011111111001111100001010100000101001111
010010110101110001001110000010001100111110101101
110001111100001011001110111010101100111011101110
010010100111101111001111001100101100111111101110
110011110100010011000010111111010100001001100111
110011101111101111001110110011110100111100000111
110011100011110011000111000100001100111111110010
010011111110101111001110001000111100111100000010
010011100001000001000110110110111100111011001111
010010100001000011001111000111101100101010111000
010001101110111011010010000000001100111011001010
110000100000111011001010100111011100000011101001
010001111100100111001010110110010100111111101000
110010111100000101001110010100101100101000111110
010010111000011011000110100001001100111101010101
110011110011011111000111000111010100001000111011
010010111110010111001110001011010101001000001011
110010100111010001001011111000110100011010000011
010011110011011001001110111000100100111101001110
010001111010110101000011111111000100011001111101
010011110110100001001111010101111100101010011011
110010110100101011000110111001010100111011010011
010001100101101101001110011111101100101001000101
110000111100010001000110111001111100101110110100
010011100011000001001010100000101100111100101110
010011111010010011000011010111000100111000000110
110011101100100101001110001100000100101001101100
010011101000011011000111101101010100111010110110
110011101001000011001110100100110100011101010001
110011110110110111001011110010100100101110111001
010010101001101011000110101101110100101010011000
010011100011101111001010011101100100011011110101
010011110001001101000010011000011100111010001010
010010101100001101001111110000011100111100010000
010011110110111011000110011011110100111011101100
010010100010010101001110010110000100111111010101
110011100101100001001010110110101100001110001101
110001110110100111001111100011011100101111101110
110011100111110101001110101110110100111111100101
110001101111111001001111111100110100111101101100
110011110101011111001111111111111100101001000100
010010101000110001001011000100001100111111011100
110011111101101001001110101000101100101100010010
110011111011111101001011000101001100111101110011
110011111101010001001010011011100100101100010001
010011100000111001001110110111111100111000001110
010000100100111011001110010010101100111010010110
010000010101001011001110001101010100111010111101
110010110101111001000011100101110100000101000001
110001110110011111001011111101010100001110110111
010011110001111001001111101101110100111011101001
010010110100011111001110000011000100001101110001
010011101011011001001111110100011100111001000011
010011101000101111001110001000001100101110110110
010011100011001111001010001011100100111010000100
010010101000100101001110111110111100111111110111
110011100110110011001111101000110100000101100010
110011100010100111000111000101000100111011001100
110011100011001011010010000010100100111010100111
010100100000011101001111011011100100111011000100
110011110001011101000111100110100100111100110011
010011110001101001001110000001111100111101101111
110100100000011111001110010100011100101011000110
010011111101011101001111111001011100101110100001
010001101000010001001011011110010100111011111111
110010100000111101001111000001011100111101101011
010010101100001101001110000011101101001000000010
010011110011001101001110110001010100001110011010
010011101010100111000000110110000100011010110010
110011110010011101001111010001001100001110011101
010011111101100111001111111100110100111101000111
010011110100100011001110111011010100111001101001
110000001110011101001111101100011100101000001101
110001110111000101000010000100001100111110011110
010010111011000111001111110110010100111100010010
110000100001011011000010110100000100111111011010
010011100110100011001011011101011100011001010001
110011100100101001001111111101000100001011010010
010011110011110011000010010110111100111111001010
110001101111100111010010000001101100001001010101
010011100110001111001111111010001100111011100000
110010111101000001000110011111011100111010110000
010011110001001001000011100100110100111010000010
010011101110000011001010010011001100001110110100
110100100000100011000111001011001100111110001011
010010111001110001001010010001100100001110001101
110001111011011111010010000000000100111111100011
010000111110101001001110011000000100001100001111
110001100100101011000010010001011100111010000010
010011101100101001001011011110000100111110001001
010000100110011111001011111011010100011110100100
010011100001010111000000001100111100001001011101
110011110111010011000010101111001100111001011110
110011100010001101000110001111111100111101111011
010011100110001111001110100011000100111100110111
110011110011110111001110000101110100111100101110
110001110110110011001111010000010100101001001110
110011100000111001000011011001100100101111100110
010011100110111001001110010010111100111001110101
010011101000011101001111101010110100111011100101
010000110101110101000111110011111101001000000011
110000100111100011001011100101010100101000100010
010001111001010011000110111001011100101101010101
010011111001110001001011001010110100111000101110
110011111101001001001011110000001100011010100000
010011111100100101001110011101010100001101000111
010001110100011011001010010001001100111000011010
110011111000010011001111100101111100011010011101
110011110110110001001110001101111100111010001010
010011111100000001001111110111011100011001111111
110011111010011111001011011001111100011110010000
110011111111000111001111001100101100101110010111
110010111010111011000111001101101100011110110001
110011101100000001001111100101111100101011011110
010011111000110011001010110101001100111101110111
010001100011101101001110000110101100101111110000
010000110001110101000010111010100100101000000111
110011110010100101001110101101101100111000110010
010001100100101001000010111111010100101110000000
010011111000100011001110011101010100111010000011
010010100010100101001110000011010100101011100101
110011100101101011001111011001101100011110111001
110000100001101001001110101010000101001000000000
010011110100100011001011010010010100111111100100
110011110011100001001010010110110100011101100001
010011101011101111000111101001101101001000001010
010011101010010101001010100010000100101110000001
110000110010011001001011110110000100111001101101
110011101001000111001110010100000100111011011011
010011111101100111001110101101100100111000000010
110011111111110011001110011111111100011010010100
010000011011000001001110001011100100101110110100
010010100111000111001110110111101100111101001000
110010100101100001001010000000011100001000001001
010011101000110001001111101101000100011011000010
010100100000100001000011001001010100111011011111
110011111011011111001110101010011100001111011010
110011111100110001001010000110110100001001000101
010001101110101111001110010100111100111110010110
110001101111010111001110110001010100111101111001
110011110110000011001111111110111100111011000110
110010101111000011001110111100100100111001100110
110001101111000001001111010101110100111000101010
110011100100011111001110101011011100101110001001
110011111111100111001011110100000100101000101110
110011111100110001001110010001100100101000101010
110011101111100011000110100001110100101000000101
110001110110100111001111000101101100101011100011
110011110000100101001011100000010100011100011010
110000011101111001001011001000010100001111100110
110011101110001001001011110000000100111011011001
010010101110111101000110100000010100111101011000
010011100011110101001110001110111100111000111110
110011111101000111001111110011110100101111010110
010011101010110001001110101110011100101100010001
110100100000101111000111011011101100111110111011
010100100000001001001011010010011100111100110100
010001111100011011000010110100100100101001010000
010001111101000111000011010111000100111000110011
110001100111111011001111010110000100111101001011
010011101000010111001110100001100100111110110111
010011111011110101001110010010111100011100110101
110010101100100011001011100101011100111100000010
110011110001111101001011001011110100111001010101
010010110101111111001110100000001100101011111001
010000100010011011000110111011111100011001100010
110011110110010101001010000001110101001000000010
010001110100111101001011110000000100111010011001
010011110010100011010010000000110100111000001011
110001110011000011001111010011001100111010010101
010011111001011011000111101011110100111000111100
010010110101110001001111101111001100111110000000
010001110100100111001110001100000100111011000101
110001101110010001001111100110010100111001110101
010011111110100011010010000010101100101100011101
010011101011000001001111011110100100011110000010
110011100111100111001111101010010100000000100010
010011110110011101001110011001001100111111110100
110010111001110001001110010110001100011001101011
110011111100100011000011011100111100011001100111
010001110101000011001111001110011100111011001001
010000111111100011001110101001010100111100000011
110011110111100001001011011111111100111110110000
010011111100100011000011011000011100111000000000
110000100110111011001111110001011101001000001010
010100100000000001001111000011001100111100110010
110011101100010001000111000111100100101100001001
010011101111111001000011011101000100001101110001
010010101010110001001110000000111100111111000101
110011110001000111001110010011001100011110000000
010011111010110001001111111111110100111110100001
010000110000111011000010111100011100111101011110
110011111001111111001010101101000100101011000110
110010100011100111001011101000010100101101011110
110000111101110111001010101101001100111111000001
010000101011101101001111001001010100111100110110
010011111011110101001110101011111100111110110110
110011100101101001001110110111010100111010100000
010000010000110111001111010011001100011111101110
110000101001000001001110011010000100101100000101
010011111000001101001011110011111100111000101110
110001110100100101001110000111010100101010110111
110010100101001111000110100111010100111100000000
110010111000001111001110000110011100111000101100
010000111010011011001110001111000100101111110101
110001101000101011001110000100101100111111100100
010000010100110001000110111110000100111101000000
010010111011110011000011011111101100101110101001
110010101000101011000011101100011100001110100011
110010111111001101001111100001000100111000100101
010011101001010001000110001111111100101100100010
010011110011101101001111111100100100111101101110
010010100000110011000010001011011100011101110110
110010111100100111000110101001111100111100100110
110100100000101101001111011110011100111011010010
110010110001100001001111010101111100111111000011
110010111000001111001111100111101100000001000110
010010111001010101001111010000010100111110000001
110010101100100101001011001011001100101101111011
110001100010001111001010001100000100111111111110
010001111000011001000110000110101100111100000101
110010100010000011010010000000101100111101000011
010011101101001111001011010100000100111100001101
010001101101110111000110010101011100111001001011
110011101010000101001110011001101100111111000100
010010101111111011001011110000000100101110111000
110100100000101001000010011111010100111100111010
110011110000110011001011111000001100101010011110
110011110110000001000001111001111100011011010010
010010111110011001001111001000010100011011111000
110011111000011111001110110001101100111101110100
110011101101001111000011010010001100101110011011
110000000001000101001110011101000100111011101100
110011111100010011000110101001010100001010100110
110011111010011011001111001101100100011001100000
010011101000011111001111101101010100111011111000
010001110101001111001111011000011100101111001100
110011100110001001000110111011001100111110101000
110011101100011101000011001010010100101001100010
110011101010100001001110101110111100101001100110
010011100011111001001010000011111100111100101000
010010111111000011001111001011011100111000010011
010010110101010111001111101000000100101001010111
010011110101000001001110001101001100111110101111
010001101000110111001110111001100100111100101001
010011111111001001000110010010111100001100111001
110000101011001111000010010100100100011101100001
010000101000100101000110100100110100111110100111
110011101101100001000111001000101100101100001100
110011100011000011000011010111100100111110100100
110010110010110111001111110000100100111000001001
010011110110001111001011000011000100111100110000
110011100011110001001011000110111100111101111000
010010100111010011000110111111001100111000110011
110001101011001011001010111110001100111110100001
110010111110111111001110011101011100101110000101
010011100111001101001111001000111100001010001001
110000101110001111001010000011111100011001011011
110011100001110101001111111011110100111111010001
010000000000111101001111010011010100111110110001
010011101011110011001011011110100100101101001000
110011111101000001001111011010000100111110101011
010011100011100001001011110010111100011100010000
010011100111101001000011101000110100111110100010
110011100011000111001011001110101100001100011100
110011110110001001000000110011101100101010100010
010011101101001001000000101111001101001000000111
010011111000000101000001001001010100111100111010
