01000100000000000100001000000000 
01000110000000000100011100000000 
01000110000000000011100000000000 
01001000000000000100011000000000 
01001000100000000100000000000000 
01001000100000000011100000000000 
01001000100000000100000000000000 
00111100000000000100010000000000 
01000111000000000100011000000000 
01000110000000000100001000000000 
00111000000000000100000000000000 
01000111000000000100010000000000 
01000101000000000100010000000000 
01000110000000000100001000000000 
01000000000000000100000000000000 
00111100000000000100100010000000 
01001000000000000100010000000000 
01000110000000000100010000000000 
01001000100000000100011100000000 
00111000000000000100100010000000 
01000000000000000100100000000000 
01000101000000000100011000000000 
01000010000000000100010000000000 
01000000000000000100001000000000 
00111100000000000100000000000000 
01000010000000000100001000000000 
00111000000000000100011100000000 
01000111000000000100000000000000 
01000000000000000100011100000000 
01000111000000000100100010000000 
01001000000000000100011000000000 
01000101000000000100010100000000 
01000010000000000100010100000000 
01000100000000000100011000000000 
00111000000000000011100000000000 
01000101000000000100010100000000 
01000100000000000011100000000000 
01000000000000000100000000000000 
00111000000000000011110000000000 
00111000000000000100011000000000 
00111100000000000100000000000000 
01000100000000000100100010000000 
00111000000000000100100010000000 
01000111000000000100100010000000 
01000100000000000100011000000000 
01001000000000000100010100000000 
00111100000000000011100000000000 
01000000000000000100000000000000 
01000100000000000011100000000000 
00111100000000000011110000000000 
00111000000000000100001000000000 
00111000000000000011110000000000 
01001000100000000100000000000000 
01000100000000000100100000000000 
01001000100000000100100010000000 
01000000000000000011110000000000 
01000100000000000100010100000000 
01001000000000000100100010000000 
01001000000000000011100000000000 
01000111000000000100001000000000 
01000010000000000100100010000000 
01000101000000000011110000000000 
01000101000000000011100000000000 
01000111000000000100000000000000 
01000110000000000100011100000000 
01000110000000000100010000000000 
01001000000000000100000000000000 
01000000000000000100010100000000 
01001000100000000100011100000000 
00111000000000000011100000000000 
01000110000000000011100000000000 
01000101000000000011100000000000 
01001000000000000100100000000000 
00111100000000000100001000000000 
01000110000000000100000000000000 
01000111000000000100011000000000 
01000000000000000100001000000000 
01000100000000000100010000000000 
00111100000000000100001000000000 
01000111000000000100100000000000 
01000100000000000100011000000000 
01001000100000000100100010000000 
01001000000000000100100000000000 
01000101000000000011110000000000 
00111100000000000100100000000000 
00111100000000000100100000000000 
00111100000000000100001000000000 
00111100000000000100000000000000 
01000100000000000100100000000000 
01001000100000000100000000000000 
01000010000000000100011100000000 
01000100000000000100100010000000 
01000101000000000100010100000000 
01000100000000000100100000000000 
01000111000000000100011000000000 
01001000000000000100010100000000 
00111000000000000100011100000000 
00111100000000000100001000000000 
01000111000000000100001000000000 
01001000000000000011110000000000 
11000100000000000100001000000000 
01000110000000000100011100000000 
01000110000000001011100000000000 
11001000000000001100011000000000 
01001000100000000100000000000000 
01001000100000001011100000000000 
01001000100000000100000000000000 
10111100000000000100010000000000 
01000111000000000100011000000000 
11000110000000000100001000000000 
10111000000000001100000000000000 
01000111000000001100010000000000 
01000101000000000100010000000000 
11000110000000001100001000000000 
11000000000000000100000000000000 
10111100000000000100100010000000 
01001000000000000100010000000000 
01000110000000001100010000000000 
11001000100000000100011100000000 
10111000000000000100100010000000 
11000000000000000100100000000000 
01000101000000000100011000000000 
01000010000000001100010000000000 
11000000000000000100001000000000 
00111100000000001100000000000000 
11000010000000000100001000000000 
00111000000000000100011100000000 
01000111000000001100000000000000 
01000000000000001100011100000000 
11000111000000000100100010000000 
01001000000000000100011000000000 
11000101000000000100010100000000 
01000010000000000100010100000000 
01000100000000000100011000000000 
10111000000000001011100000000000 
11000101000000001100010100000000 
11000100000000000011100000000000 
01000000000000000100000000000000 
00111000000000000011110000000000 
10111000000000001100011000000000 
10111100000000001100000000000000 
11000100000000001100100010000000 
00111000000000000100100010000000 
01000111000000001100100010000000 
11000100000000000100011000000000 
01001000000000001100010100000000 
00111100000000000011100000000000 
11000000000000001100000000000000 
11000100000000001011100000000000 
10111100000000000011110000000000 
00111000000000001100001000000000 
10111000000000000011110000000000 
11001000100000000100000000000000 
11000100000000000100100000000000 
11001000100000001100100010000000 
11000000000000001011110000000000 
01000100000000000100010100000000 
01001000000000001100100010000000 
01001000000000001011100000000000 
01000111000000000100001000000000 
11000010000000001100100010000000 
11000101000000000011110000000000 
11000101000000000011100000000000 
11000111000000000100000000000000 
01000110000000001100011100000000 
01000110000000000100010000000000 
01001000000000001100000000000000 
11000000000000000100010100000000 
11001000100000000100011100000000 
00111000000000001011100000000000 
01000110000000001011100000000000 
11000101000000001011100000000000 
11001000000000000100100000000000 
10111100000000000100001000000000 
01000110000000001100000000000000 
11000111000000000100011000000000 
11000000000000001100001000000000 
01000100000000000100010000000000 
10111100000000001100001000000000 
01000111000000001100100000000000 
11000100000000001100011000000000 
11001000100000000100100010000000 
11001000000000000100100000000000 
01000101000000001011110000000000 
10111100000000001100100000000000 
10111100000000001100100000000000 
00111100000000001100001000000000 
00111100000000000100000000000000 
01000100000000000100100000000000 
01001000100000001100000000000000 
01000010000000000100011100000000 
11000100000000001100100010000000 
01000101000000000100010100000000 
11000100000000001100100000000000 
01000111000000000100011000000000 
11001000000000001100010100000000 
10111000000000000100011100000000 
00111100000000000100001000000000 
11000111000000000100001000000000 
11001000000000001011110000000000 
